{
	 "rootnode": {
		 "name": "RootNode"
		,"transformation": [
			 1
			,0
			,0
			,0
			,0
			,1
			,0
			,0
			,0
			,0
			,1
			,0
			,0
			,0
			,0
			,1
		]
		,"children": [
			{
				 "name": "root"
				,"transformation": [
					 1
					,0
					,0
					,0
					,0
					,1
					,0
					,0
					,0
					,0
					,1
					,0
					,0
					,0
					,0
					,1
				]
				,"children": [
					{
						 "name": "node_id4"
						,"transformation": [
							 8.81067e-08
							,-9.01606e-08
							,0.050988
							,0.00412474
							,-0.00815476
							,0.0503317
							,1.03091e-07
							,0.018653
							,-0.0503317
							,-0.00815476
							,7.25528e-08
							,0.807376
							,0
							,0
							,0
							,1
						]
					}
					,{
						 "name": "node_id98"
						,"transformation": [
							 0.000926418
							,-0.000365645
							,8.97448e-05
							,-0.0402373
							,0.000370205
							,0.000928074
							,-4.03305e-05
							,0.00173197
							,-6.85432e-05
							,7.05869e-05
							,0.000995148
							,0.00569255
							,0
							,0
							,0
							,1
						]
						,"children": [
							{
								 "name": "node_id5"
								,"transformation": [
									 50.988
									,0
									,0
									,0.0825424
									,0
									,-8.30701e-06
									,50.988
									,-152.841
									,0
									,-50.988
									,-8.30701e-06
									,123.197
									,0
									,0
									,0
									,1
								]
								,"children": [
									{
										 "name": "node_id6"
										,"transformation": [
											 1
											,-9.19536e-09
											,2.51536e-07
											,6.12048e-08
											,2.33324e-07
											,-0.341002
											,-0.940062
											,-0.0235518
											,9.44185e-08
											,0.940062
											,-0.341002
											,-0.211966
											,0
											,0
											,0
											,1
										]
										,"children": [
											{
												 "name": "node_id7"
												,"transformation": [
													 1
													,1.7833e-07
													,-4.16051e-07
													,-5.45325e-08
													,1.53462e-07
													,0.731132
													,0.682235
													,1.28924
													,4.25851e-07
													,-0.682235
													,0.731132
													,4.60619e-08
													,0
													,0
													,0
													,1
												]
												,"children": [
													{
														 "name": "node_id8"
														,"transformation": [
															 0.184353
															,-4.52698e-08
															,1.92911e-08
															,0.462754
															,0
															,0.0722713
															,0.169597
															,0.0103397
															,-4.92087e-08
															,-0.169597
															,0.0722713
															,0.70192
															,0
															,0
															,0
															,1
														]
														,"children": [
															{
																 "name": "node_id9"
																,"transformation": [
																	 1
																	,0
																	,0
																	,0
																	,0
																	,-1.62921e-07
																	,-1
																	,0
																	,0
																	,1
																	,-1.62921e-07
																	,0
																	,0
																	,0
																	,0
																	,1
																]
																,"children": [
																	{
																		 "name": "node_id10"
																		,"transformation": [
																			 1
																			,0
																			,0
																			,-1.04268e-07
																			,0
																			,1
																			,0
																			,1
																			,0
																			,0
																			,1
																			,6.06885e-08
																			,0
																			,0
																			,0
																			,1
																		]
																	}
																]
															}
														]
													}
													,{
														 "name": "node_id11"
														,"transformation": [
															 1
															,7.30261e-08
															,-2.4986e-08
															,1.94619e-08
															,-7.71824e-08
															,0.946151
															,-0.323726
															,1.50193
															,0
															,0.323726
															,0.946151
															,6.72018e-08
															,0
															,0
															,0
															,1
														]
														,"children": [
															{
																 "name": "node_id12"
																,"transformation": [
																	 0.34575
																	,6.05365e-09
																	,8.25889e-08
																	,-0.00532089
																	,0
																	,0.344825
																	,-0.0252752
																	,0.846716
																	,-8.28104e-08
																	,0.0252752
																	,0.344825
																	,0.720371
																	,0
																	,0
																	,0
																	,1
																]
																,"children": [
																	{
																		 "name": "node_id13"
																		,"transformation": [
																			 1
																			,0
																			,0
																			,0
																			,0
																			,-1.62921e-07
																			,-1
																			,0
																			,0
																			,1
																			,-1.62921e-07
																			,0
																			,0
																			,0
																			,0
																			,1
																		]
																		,"children": [
																			{
																				 "name": "node_id14"
																				,"transformation": [
																					 1
																					,0
																					,0
																					,-2.12219e-08
																					,0
																					,1
																					,0
																					,1
																					,0
																					,0
																					,1
																					,-1.2674e-07
																					,0
																					,0
																					,0
																					,1
																				]
																			}
																		]
																	}
																]
															}
															,{
																 "name": "node_id15"
																,"transformation": [
																	 0.399386
																	,-1.00131e-07
																	,7.33946e-09
																	,-0.0160625
																	,0
																	,0.0291961
																	,0.398317
																	,0.499421
																	,-1.004e-07
																	,-0.398317
																	,0.0291961
																	,2.88692
																	,0
																	,0
																	,0
																	,1
																]
																,"children": [
																	{
																		 "name": "node_id16"
																		,"transformation": [
																			 1
																			,0
																			,0
																			,-0.474862
																			,0
																			,-1.62921e-07
																			,-1
																			,-4.75468e-08
																			,0
																			,1
																			,-1.62921e-07
																			,0.803132
																			,0
																			,0
																			,0
																			,1
																		]
																		,"children": [
																			{
																				 "name": "node_id17"
																				,"transformation": [
																					 1
																					,0
																					,0
																					,-0.794298
																					,0
																					,1
																					,0
																					,0.0254964
																					,0
																					,0
																					,1
																					,-0.075542
																					,0
																					,0
																					,0
																					,1
																				]
																				,"children": [
																					{
																						 "name": "node_id18"
																						,"transformation": [
																							 1
																							,0
																							,0
																							,-1.91015e-07
																							,0
																							,1
																							,0
																							,0.679294
																							,0
																							,0
																							,1
																							,-4.62588e-08
																							,0
																							,0
																							,0
																							,1
																						]
																					}
																				]
																			}
																			,{
																				 "name": "node_id19"
																				,"transformation": [
																					 1
																					,0
																					,0
																					,0.826791
																					,0
																					,1
																					,0
																					,0.0254964
																					,0
																					,0
																					,1
																					,-0.075542
																					,0
																					,0
																					,0
																					,1
																				]
																				,"children": [
																					{
																						 "name": "node_id20"
																						,"transformation": [
																							 1
																							,0
																							,0
																							,-1.07879e-07
																							,0
																							,1
																							,0
																							,0.679294
																							,0
																							,0
																							,1
																							,-4.62588e-08
																							,0
																							,0
																							,0
																							,1
																						]
																					}
																				]
																			}
																		]
																	}
																	,{
																		 "name": "node_id21"
																		,"transformation": [
																			 1
																			,9.65733e-14
																			,-1.10467e-06
																			,0.772953
																			,0
																			,-1
																			,-8.74228e-08
																			,6.40831
																			,-1.10467e-06
																			,8.74228e-08
																			,-1
																			,0.532155
																			,0
																			,0
																			,0
																			,1
																		]
																		,"children": [
																			{
																				 "name": "node_id22"
																				,"transformation": [
																					 1
																					,0
																					,0
																					,2.71214e-08
																					,0
																					,1
																					,0
																					,0.763348
																					,0
																					,0
																					,1
																					,8.08276e-07
																					,0
																					,0
																					,0
																					,1
																				]
																			}
																		]
																	}
																	,{
																		 "name": "node_id23"
																		,"transformation": [
																			 1
																			,-5.23018e-13
																			,-1.34309e-06
																			,-0.757423
																			,0
																			,-1
																			,3.89414e-07
																			,6.37446
																			,-1.34309e-06
																			,-3.89414e-07
																			,-1
																			,0.491565
																			,0
																			,0
																			,0
																			,1
																		]
																		,"children": [
																			{
																				 "name": "node_id24"
																				,"transformation": [
																					 1
																					,0
																					,0
																					,-2.33082e-07
																					,0
																					,1
																					,0
																					,0.737369
																					,0
																					,0
																					,1
																					,9.41765e-07
																					,0
																					,0
																					,0
																					,1
																				]
																			}
																		]
																	}
																]
															}
															,{
																 "name": "node_id25"
																,"transformation": [
																	 1
																	,0
																	,0
																	,2.09025e-08
																	,0
																	,1
																	,0
																	,1.50349
																	,0
																	,0
																	,1
																	,-9.15078e-09
																	,0
																	,0
																	,0
																	,1
																]
															}
														]
													}
													,{
														 "name": "node_id26"
														,"transformation": [
															 0.0853783
															,0.892084
															,0.44373
															,1.94619e-08
															,-0.429134
															,-0.369006
															,0.824426
															,1.50193
															,0.899197
															,-0.260808
															,0.351318
															,6.72018e-08
															,0
															,0
															,0
															,1
														]
														,"children": [
															{
																 "name": "node_id27"
																,"transformation": [
																	 0.989448
																	,0.141519
																	,-0.0310698
																	,-1.64257e-08
																	,-0.135944
																	,0.832587
																	,-0.536953
																	,0.906432
																	,-0.0501209
																	,0.535511
																	,0.84304
																	,2.47853e-07
																	,0
																	,0
																	,0
																	,1
																]
																,"children": [
																	{
																		 "name": "node_id28"
																		,"transformation": [
																			 0.424037
																			,0.894464
																			,-0.141872
																			,-1.00673e-08
																			,-0.839858
																			,0.329764
																			,-0.431154
																			,1.27941
																			,-0.338867
																			,0.301977
																			,0.891055
																			,3.03088e-07
																			,0
																			,0
																			,0
																			,1
																		]
																		,"children": [
																			{
																				 "name": "node_id29"
																				,"transformation": [
																					 0.915902
																					,-0.298085
																					,0.268827
																					,-3.40182e-07
																					,0.340448
																					,0.931667
																					,-0.126851
																					,1.45418
																					,-0.212645
																					,0.207705
																					,0.954798
																					,-1.03566e-07
																					,0
																					,0
																					,0
																					,1
																				]
																				,"children": [
																					{
																						 "name": "node_id30"
																						,"transformation": [
																							 0.980537
																							,0.188217
																							,-0.0558709
																							,3.06066e-07
																							,-0.169196
																							,0.954425
																							,0.245855
																							,0.697518
																							,0.0995988
																							,-0.231617
																							,0.967695
																							,4.1591e-07
																							,0
																							,0
																							,0
																							,1
																						]
																						,"children": [
																							{
																								 "name": "node_id31"
																								,"transformation": [
																									 1
																									,0
																									,0
																									,-5.96743e-08
																									,0
																									,1
																									,0
																									,0.732189
																									,0
																									,0
																									,1
																									,4.11765e-08
																									,0
																									,0
																									,0
																									,1
																								]
																							}
																						]
																					}
																				]
																			}
																			,{
																				 "name": "node_id32"
																				,"transformation": [
																					 0.918391
																					,-0.392288
																					,0.0516441
																					,-3.40182e-07
																					,0.361722
																					,0.885303
																					,0.292224
																					,1.45418
																					,-0.160357
																					,-0.249695
																					,0.954954
																					,-1.03566e-07
																					,0
																					,0
																					,0
																					,1
																				]
																				,"children": [
																					{
																						 "name": "node_id33"
																						,"transformation": [
																							 0.996345
																							,0.0851119
																							,0.00730818
																							,7.38263e-08
																							,-0.0850606
																							,0.980562
																							,0.176814
																							,0.701902
																							,0.00788285
																							,-0.176789
																							,0.984217
																							,-4.54213e-07
																							,0
																							,0
																							,0
																							,1
																						]
																						,"children": [
																							{
																								 "name": "node_id34"
																								,"transformation": [
																									 1
																									,0
																									,0
																									,1.55014e-07
																									,0
																									,1
																									,0
																									,0.774849
																									,0
																									,0
																									,1
																									,8.19342e-08
																									,0
																									,0
																									,0
																									,1
																								]
																							}
																						]
																					}
																				]
																			}
																			,{
																				 "name": "node_id35"
																				,"transformation": [
																					 0.895829
																					,-0.415471
																					,-0.157715
																					,-3.40182e-07
																					,0.417688
																					,0.665993
																					,0.618053
																					,1.45418
																					,-0.151745
																					,-0.619545
																					,0.770153
																					,-1.03566e-07
																					,0
																					,0
																					,0
																					,1
																				]
																				,"children": [
																					{
																						 "name": "node_id36"
																						,"transformation": [
																							 0.996215
																							,0.0843454
																							,0.02099
																							,-2.1308e-08
																							,-0.0826861
																							,0.994097
																							,-0.0702389
																							,0.717446
																							,-0.0267904
																							,0.0682375
																							,0.997309
																							,-1.41804e-07
																							,0
																							,0
																							,0
																							,1
																						]
																						,"children": [
																							{
																								 "name": "node_id37"
																								,"transformation": [
																									 1
																									,0
																									,0
																									,-8.04395e-08
																									,0
																									,1
																									,0
																									,0.736157
																									,0
																									,0
																									,1
																									,-1.24541e-07
																									,0
																									,0
																									,0
																									,1
																								]
																							}
																						]
																					}
																				]
																			}
																		]
																	}
																]
															}
														]
													}
													,{
														 "name": "node_id38"
														,"transformation": [
															 0.0853777
															,-0.892084
															,-0.44373
															,1.94619e-08
															,0.429134
															,-0.369006
															,0.824426
															,1.50193
															,-0.899197
															,-0.260807
															,0.351318
															,6.72018e-08
															,0
															,0
															,0
															,1
														]
														,"children": [
															{
																 "name": "node_id39"
																,"transformation": [
																	 0.951852
																	,-0.296424
																	,-0.078168
																	,1.1585e-08
																	,0.183335
																	,0.754796
																	,-0.629818
																	,0.906432
																	,0.245694
																	,0.585163
																	,0.772799
																	,2.22186e-07
																	,0
																	,0
																	,0
																	,1
																]
																,"children": [
																	{
																		 "name": "node_id40"
																		,"transformation": [
																			 0.611068
																			,-0.653696
																			,0.446404
																			,3.80037e-08
																			,0.76127
																			,0.639862
																			,-0.105089
																			,1.27941
																			,-0.216941
																			,0.404051
																			,0.888639
																			,-1.90654e-07
																			,0
																			,0
																			,0
																			,1
																		]
																		,"children": [
																			{
																				 "name": "node_id41"
																				,"transformation": [
																					 0.896828
																					,0.401055
																					,-0.186692
																					,5.73783e-08
																					,-0.441116
																					,0.778864
																					,-0.445856
																					,1.45418
																					,-0.033405
																					,0.482209
																					,0.875419
																					,1.27513e-07
																					,0
																					,0
																					,0
																					,1
																				]
																				,"children": [
																					{
																						 "name": "node_id42"
																						,"transformation": [
																							 0.999897
																							,-0.0133772
																							,0.0051142
																							,4.49185e-07
																							,0.0107705
																							,0.937759
																							,0.34712
																							,0.697518
																							,-0.00943939
																							,-0.34703
																							,0.937807
																							,-3.26533e-09
																							,0
																							,0
																							,0
																							,1
																						]
																						,"children": [
																							{
																								 "name": "node_id43"
																								,"transformation": [
																									 1
																									,0
																									,0
																									,-3.22041e-07
																									,0
																									,1
																									,0
																									,0.73219
																									,0
																									,0
																									,1
																									,-3.94996e-08
																									,0
																									,0
																									,0
																									,1
																								]
																							}
																						]
																					}
																				]
																			}
																			,{
																				 "name": "node_id44"
																				,"transformation": [
																					 0.90087
																					,0.433463
																					,-0.0233151
																					,5.73783e-08
																					,-0.433795
																					,0.896979
																					,-0.0851462
																					,1.45418
																					,-0.0159946
																					,0.0868196
																					,0.996096
																					,1.27513e-07
																					,0
																					,0
																					,0
																					,1
																				]
																				,"children": [
																					{
																						 "name": "node_id45"
																						,"transformation": [
																							 0.99929
																							,-0.0374824
																							,0.00366448
																							,-4.09856e-07
																							,0.0357357
																							,0.974416
																							,0.221892
																							,0.701903
																							,-0.0118878
																							,-0.221604
																							,0.975064
																							,-2.37474e-08
																							,0
																							,0
																							,0
																							,1
																						]
																						,"children": [
																							{
																								 "name": "node_id46"
																								,"transformation": [
																									 1
																									,0
																									,0
																									,-6.42313e-08
																									,0
																									,1
																									,0
																									,0.77485
																									,0
																									,0
																									,1
																									,-4.11569e-08
																									,0
																									,0
																									,0
																									,1
																								]
																							}
																						]
																					}
																				]
																			}
																			,{
																				 "name": "node_id47"
																				,"transformation": [
																					 0.88629
																					,0.423716
																					,0.18696
																					,5.73783e-08
																					,-0.461669
																					,0.776271
																					,0.429262
																					,1.45418
																					,0.0367537
																					,-0.466764
																					,0.883618
																					,1.27513e-07
																					,0
																					,0
																					,0
																					,1
																				]
																				,"children": [
																					{
																						 "name": "node_id48"
																						,"transformation": [
																							 0.993269
																							,-0.113143
																							,-0.0248225
																							,1.70464e-07
																							,0.112685
																							,0.993447
																							,-0.0191492
																							,0.717447
																							,0.0268264
																							,0.0162232
																							,0.999509
																							,2.69857e-07
																							,0
																							,0
																							,0
																							,1
																						]
																						,"children": [
																							{
																								 "name": "node_id49"
																								,"transformation": [
																									 1
																									,0
																									,0
																									,3.31477e-07
																									,0
																									,1
																									,0
																									,0.736158
																									,0
																									,0
																									,1
																									,-1.54559e-07
																									,0
																									,0
																									,0
																									,1
																								]
																							}
																						]
																					}
																				]
																			}
																		]
																	}
																]
															}
														]
													}
												]
											}
										]
									}
									,{
										 "name": "node_id50"
										,"transformation": [
											 1
											,1.70537e-08
											,9.28278e-09
											,6.12048e-08
											,-1.94164e-08
											,0.878311
											,0.478089
											,-0.0235518
											,0
											,-0.478089
											,0.878311
											,-0.211966
											,0
											,0
											,0
											,1
										]
										,"children": [
											{
												 "name": "node_id51"
												,"transformation": [
													 1
													,0
													,0
													,7.35193e-08
													,0
													,1
													,0
													,1.4215
													,0
													,0
													,1
													,-6.23317e-08
													,0
													,0
													,0
													,1
												]
											}
										]
									}
									,{
										 "name": "node_id52"
										,"transformation": [
											 -0.272656
											,0.639079
											,0.719191
											,6.12048e-08
											,-0.919787
											,-0.392417
											,1.3411e-07
											,-0.0235518
											,0.282223
											,-0.661503
											,0.694812
											,-0.211966
											,0
											,0
											,0
											,1
										]
										,"children": [
											{
												 "name": "node_id53"
												,"transformation": [
													 0.96854
													,-0.177788
													,-0.174135
													,5.63838e-09
													,0.234923
													,0.884061
													,0.404039
													,0.583503
													,0.0821124
													,-0.432236
													,0.898014
													,9.65788e-08
													,0
													,0
													,0
													,1
												]
												,"children": [
													{
														 "name": "node_id54"
														,"transformation": [
															 -0.15103
															,-0.138659
															,-0.978756
															,8.47177e-10
															,0.155345
															,0.974482
															,-0.162025
															,0.412881
															,0.976247
															,-0.176515
															,-0.125636
															,-1.02698e-07
															,0
															,0
															,0
															,1
														]
														,"children": [
															{
																 "name": "node_id55"
																,"transformation": [
																	 0.991709
																	,0.019804
																	,0.126969
																	,6.48739e-08
																	,0.128259
																	,-0.213612
																	,-0.968463
																	,0.413258
																	,0.00794266
																	,0.976718
																	,-0.214381
																	,-7.33987e-08
																	,0
																	,0
																	,0
																	,1
																]
																,"children": [
																	{
																		 "name": "node_id56"
																		,"transformation": [
																			 1
																			,7.00712e-09
																			,2.44366e-07
																			,-4.5225e-08
																			,-1.01342e-07
																			,0.921537
																			,0.388291
																			,0.248038
																			,-2.22471e-07
																			,-0.388291
																			,0.921537
																			,3.67402e-08
																			,0
																			,0
																			,0
																			,1
																		]
																		,"children": [
																			{
																				 "name": "node_id57"
																				,"transformation": [
																					 1
																					,0
																					,0
																					,-2.76364e-08
																					,0
																					,1
																					,0
																					,0.191153
																					,0
																					,0
																					,1
																					,-3.71534e-09
																					,0
																					,0
																					,0
																					,1
																				]
																			}
																		]
																	}
																]
															}
															,{
																 "name": "node_id58"
																,"transformation": [
																	 -0.991709
																	,0.0341291
																	,0.123889
																	,6.48739e-08
																	,-0.128258
																	,-0.203301
																	,-0.970679
																	,0.413258
																	,-0.00794169
																	,-0.978521
																	,0.205993
																	,-7.33987e-08
																	,0
																	,0
																	,0
																	,1
																]
																,"children": [
																	{
																		 "name": "node_id59"
																		,"transformation": [
																			 1
																			,-2.71457e-07
																			,-5.93462e-09
																			,-6.88451e-08
																			,2.17311e-07
																			,0.787051
																			,0.616888
																			,0.350864
																			,-1.62788e-07
																			,-0.616888
																			,0.787051
																			,7.62965e-08
																			,0
																			,0
																			,0
																			,1
																		]
																		,"children": [
																			{
																				 "name": "node_id60"
																				,"transformation": [
																					 1
																					,0
																					,0
																					,3.90688e-08
																					,0
																					,1
																					,0
																					,0.266382
																					,0
																					,0
																					,1
																					,1.51506e-08
																					,0
																					,0
																					,0
																					,1
																				]
																			}
																		]
																	}
																]
															}
															,{
																 "name": "node_id61"
																,"transformation": [
																	 -0.751401
																	,0.659424
																	,-0.0236274
																	,6.48739e-08
																	,-0.0427261
																	,-0.0843554
																	,-0.995519
																	,0.413258
																	,-0.658462
																	,-0.747024
																	,0.0915592
																	,-7.33987e-08
																	,0
																	,0
																	,0
																	,1
																]
																,"children": [
																	{
																		 "name": "node_id62"
																		,"transformation": [
																			 0.951645
																			,0.302866
																			,0.0514103
																			,-8.21543e-08
																			,-0.298763
																			,0.873515
																			,0.384333
																			,0.352596
																			,0.0714936
																			,-0.381108
																			,0.921762
																			,-2.35138e-08
																			,0
																			,0
																			,0
																			,1
																		]
																		,"children": [
																			{
																				 "name": "node_id63"
																				,"transformation": [
																					 1
																					,0
																					,0
																					,-4.98855e-08
																					,0
																					,1
																					,0
																					,0.289028
																					,0
																					,0
																					,1
																					,2.61727e-09
																					,0
																					,0
																					,0
																					,1
																				]
																			}
																		]
																	}
																]
															}
															,{
																 "name": "node_id64"
																,"transformation": [
																	 -0.687634
																	,-0.666613
																	,0.287726
																	,6.48739e-08
																	,-0.131359
																	,-0.275524
																	,-0.952277
																	,0.413258
																	,0.714076
																	,-0.692613
																	,0.101894
																	,-7.33987e-08
																	,0
																	,0
																	,0
																	,1
																]
																,"children": [
																	{
																		 "name": "node_id65"
																		,"transformation": [
																			 0.920049
																			,-0.385661
																			,-0.0691015
																			,-5.37789e-08
																			,0.381526
																			,0.841744
																			,0.381976
																			,0.338148
																			,-0.0891475
																			,-0.377801
																			,0.921585
																			,-1.40688e-07
																			,0
																			,0
																			,0
																			,1
																		]
																		,"children": [
																			{
																				 "name": "node_id66"
																				,"transformation": [
																					 1
																					,0
																					,0
																					,-7.588e-08
																					,0
																					,1
																					,0
																					,0.327586
																					,0
																					,0
																					,1
																					,1.11114e-08
																					,0
																					,0
																					,0
																					,1
																				]
																			}
																		]
																	}
																]
															}
														]
													}
												]
											}
										]
									}
									,{
										 "name": "node_id67"
										,"transformation": [
											 -0.272656
											,-0.639079
											,-0.719191
											,6.12048e-08
											,0.919787
											,-0.392417
											,1.3411e-07
											,-0.0235518
											,-0.282223
											,-0.661503
											,0.694812
											,-0.211966
											,0
											,0
											,0
											,1
										]
										,"children": [
											{
												 "name": "node_id68"
												,"transformation": [
													 0.96854
													,0.177788
													,0.174135
													,1.08046e-08
													,-0.234923
													,0.884061
													,0.404039
													,0.583503
													,-0.0821124
													,-0.432236
													,0.898014
													,-7.77118e-08
													,0
													,0
													,0
													,1
												]
												,"children": [
													{
														 "name": "node_id69"
														,"transformation": [
															 -0.65972
															,0.220029
															,0.718579
															,5.32753e-08
															,0.0137656
															,0.959557
															,-0.281178
															,0.412881
															,-0.751385
															,-0.175607
															,-0.636068
															,3.38927e-07
															,0
															,0
															,0
															,1
														]
														,"children": [
															{
																 "name": "node_id70"
																,"transformation": [
																	 0.991709
																	,-0.0198039
																	,-0.126969
																	,-2.68743e-07
																	,-0.128258
																	,-0.213612
																	,-0.968463
																	,0.413258
																	,-0.00794271
																	,0.976718
																	,-0.214381
																	,6.01846e-08
																	,0
																	,0
																	,0
																	,1
																]
																,"children": [
																	{
